((("print" .
   [0 0 1 0 0])
  ("insert" .
   [2 0 0 0 0 0])
  ("helm-mode" .
   [0 0 0 0 0 0 0 0 1])
  ("Helm" .
   [1 0 0 0])
  (":init" .
   [1 0 0 0 0])
  ("cc" .
   [1 0])
  ("bbdb-after-change-hook" .
   [0 0 1 0 0 0 0 0 0 0 0 0 0 0 0 0 0 0 0 0 0 0])
  ("aas" .
   [0 0 1])
  ("c" .
   [1])
  ("normal" .
   [1 0 0 0 0 0])
  ("org-mode" .
   [2 0 0 0 0 0 0 0])
  ("org-cycle-hook" .
   [0 0 0 0 0 0 0 0 0 1 0 0 0 0])
  ("yas" .
   [1 0 0])
  ("a" .
   [1])
  ("add-to-list" .
   [0 0 0 0 0 0 1 0 0 0 0])
  ("latex" .
   [0 0 0 0 1])
  ("LaTeX-mode" .
   [0 0 0 0 0 0 0 1 1 0])
  ("j" .
   [5])
  ("kbd" .
   [3 0 0])
  ("global-set-key" .
   [1 0 0 0 0 0 0 0 0 0 0 0 0 0])
  ("org-babel-map" .
   [1 0 0 0 0 0 0 0 0 0 0 0 0])))
